01110001001001100000010001101010111101101100100100111101110001010001001100111010100101111000000011000000101101100111010000001010
11100101001011100110100000000001101100100100101010101000110101101011010111000011101000110000111110001101110001111011001000110000
00010110001000011010110110001000001110011000100011110110111110010000010100001110001100101110100000110010110011110001010011110001
11001111001110010101001100100111111010100110111011101101000011000101001100001011100001001100100101101110110100100001110011011001
01010101000100010110100110001101000000000000001100101100010001101110001100101001111111001100111111101000111000001010011100001010
01111100010111010010111100011011011011100110110100101110111111010101100000010011100010100011111111011010111101111010101100111000
10111011110010010101011101101110111110110101100010101010110011011101011100001011111010100010101010011110000101101101101101011101
11100000110001110111111000010001001111110000011011111111100000100011110001100100111101100001011100010010001001000011000000101001
11110010000111000010011110011101110000111111001010000111011000001101101001001101111100000110011010101001011001101110001010010111
11101111100001001010001000011100111010101001001110111111010100111011100101010000110000010101111000000000011101000111111010001011
10000101001010000001111010110100111101101000110000110011100101010010000000110101100011010011011100110100110011010010100100100100
10001111000011011101111110100100111110101101010100101010001100010100111111100111011101001110011100011110010010101100101001011111
01000110111111011100001000011000000110111100001011110101100101001011101110000110010011010010010111010001010100000111101010110101
10111001001111011001101001111010111110010010010010100111100111110010111010100111011000110110010111100100101110101010101001100100
00110010010100101110100100000101000010000110010001000101111110011000000011111000001101011100101000011111001001110111011111011000
01100111101011011001111110000100001010100111010100010010010110011101011010110000110110111011110010111111111110111100010011011001
11010010111010010010111110010110100011101110001000000100101010110000010011011100000100000000110100110000100010010001001110101100
11100110100010110100101000110111110011001011101110110011011010111100011011010101011100111111111111101001110011001110011111000010
00010110010011111101000110010100011110010011010001010010110110110111111010111001010011001111000011010100011011111111100100110100
00001011110101010011000101010100011111101110000000101100010001011101000110101000111100111110001000110101011010110101101101111011
01101011111001011110011100110000110001111100100110011011010100000101110011111100110100110101010101100000101010011110010101100100
00101111111111010111010000111001100001100011001010000010111111011011110101001100011011101110111110000001000011011010101011010101
11101100001011001101101111100111111101110111100000011111101000010001001000111100101011110011010011101110100001110000000110101000
11101101111011101001101010000101101001100000000100001001010110100001000101010111010001111111011010101111010110111001110100110110
10011101100101101011000010000011100110111001111010010010011100111111001110100100100110001011010111111010111010011100010000101010
01111010110001111111011010000100010011011111011110000000111000010000100011011110001111011110001110000110111100010001011100101110
11111010001100111001011001100111010101101011110101100110101001111000001001000101001010000010111011101100010110000010110110111010
01101100011001101010001110001011010010111100010110001101100101001010001100001000000000111110100111010001011001011010101111001000
10000001011000000011011111011010100110000100111110010010010110011110100110010111011100000011110101001001000010011111001011111100
00101111010111001111101001000111101000000101111011101010110111101111010001001010000000100110001011000000110110111100010010000101
11001011100000010110010111001010100010010000111110011011111101111011101001010100011011011100110101111000001010101100111110001100
10000110011100001000111000011110000011100111100001000001000101110111111100011101011001001011101110110100110110110010101010100111
11100100111110000110001011011000011100010101100101100001100111010001000010110100000011111011110001011011100010000100011100101010
11000100110000101010111010101110101100101101100111111001110111100110000101011111001100001111010011110100100101100001101100111100
10101101001000001100110000111001011010111100110111001011010011111100001111101100111010001110001010010110110110011110100101110110
00110000010001111001000101101100101001001110111100110100111001001101001000100101101111000101101000110000111011011000101101010011
01100010110101100011010101000010001010000111011011010011001100011010101110001101110100010111011111100100101100011110001111001001
10101111010100001011000100100001001100000101101101010100011010111101000011010001101011000010101111001101100000111100001001000011
01101111100010000001011100110011101011100001101101010001111101011001011010111110011100010001100011111110111100000000011101010001
01111010110110001000011111001110100110010011100111111111011101011100001110000001011010011011011100001110100111011110011111101100
11110110000010111001110100000110110101010011000001101001111110110010001100001001010011011011111100011001010101101001101011000101
00111010001000001010110010001101001101101100011100011111011111001101100111000011101001101011001000100011000010001011000100010101
10100011110100100011010011101011011111111000100001001111100001010101000000011010101001101001001001010001001110011000000010001100
00111100100001000101110101111101011100110100100001111010100000111010011100011111010111010000010101100101011000000000000001011001
00001111011100111111001111001011011101000111011111100101001101110110101010011101111010100000101000000100111001100101010010101110
00000111111101000011001001010001111100010100001111100000111010000101010111111111001100110111101101111101000101011001011000111010
11001110111000111010110000001000001000011011001100101011101011000001101011011011011000111010110100000111010010001001001011010101
11000010010110000100110000010111011000100100010010101111000011100000111000111100001011110111001011100011001110100100001000101110
01001011101111010001010001111011101111101110110000000000101110001000101100001001111011001001110111010010100001000010011101111100
11000000101100010111001011010110011111011101101011110100010100111010100100100010101010011011110001010100000110000011011101011100
10110000010010000111011000001101010010011110111001100011100001011010011100110000100111010100010110011010000010000001010111100000
01011110000001000110101001010111101001001110000110100110001010111011000011011100101001111101011101001010000101001010011111000010
10010000010101110000011011111110001100010100100001001000111001111001001101000000010111110100101001110010110100101101110101011101
10101101110101001010110100110010001010100101101111000011011110011001010101101101000010100001011111001110111001011111110110010111
00100100100010100110111111010001011100001111011001101100011110011101100010111101100010100100100101000001010100011001000000101001
11100011111011101010100001001000111010011000011010000110100110001100010011001111110111010100001000111010011001010101001000110011
01000001011101101010101000110100111000111101010100011100010000111001001010111101011110011111100100111000101100000100011000100001
10110001111101101100110100011010010000100101000000111010001011001010001001110100001000100001011000010101000101101100011110001101
10000110100000000011101100010001100111110011011100000110010011000101011110110100011111110111011100010100101110111101101000001001
10011000010010111000101110111110000101100101100010100010000110110001000111100010100001100011101101001101100110010000100101011110
01001011110101001010100000010101111000001111000100010111000011010000011110101010111101001001000000010000010101101001110001010110
00101100010010111001110000100000011100001100100100010111010011111000010101111110010111110001111000111100010101000101100010100000
01001111011011001000010101010010001000110000001101001101111110001011011101010101111110011001111011000101110110000000010001000100
00111100101110011001011000111001111010000010101100111101100101111011010001101100011001000001010101000011101100000101011111000100
01100011011110010001000010001001111101100010011000010111100101011101000100000111111010000011010000110111010101000101100000101111
01000101100110011001101001011110110111110110000100110100010110011000100001110101000011110101100101011000001010010100011101000000
00111101011111100110101000111101000101001011110101110111101110111000011010010111011000001011001000110100100010101110111010111001
00101101111011110000100101110000100001111001100100110110111001001100100011110100001000100011100111111000011110100011100101001011
10000101101010100010110010010001011011111001100001101011101101010001000011001011101010010010000110000110000010110011011011110100
01101110111001110111010101100010001001110001100000100100001111000000101100100000111010111111100100011100101100001001011110011000
11111110100110110000110010000011001000000000000010010111100110000000001110111100011001101000101010110110011011111010110010110101
11010000001110100100000111110000010001100001110110100100001011111000101100100010001010110110110101101101100000111100011110000101
10101100100011100000001011111101100000010011010110001001011000011010000011100100011101100111110110001111110110100100100110111001
01101001000010110011010100111101010010001111101011111011010100011001101101010111001110001101111011101000101010011101110110011101
10111001110011001011000010001000101110001011011010001110110001000110110110111000000101101010001011100111100111000110110010000001
01011011000010100110111100101001100001100001000111011000111000110100000100110011010100100001111011011111100101101000110000000111
01110101010110101000111111000101001100111010010101011111101000001011101011001111000110101100000010110100011101100100111111011010
01111001111101000011110100011100001010101111110100001101110111010010011010001100010110100001000000101100111101000101101111111100
00110110101111010110111100101011110111100010001011101111100001101010000010100011010010100101011000111011011011000111011010001110
00111011110100110001110011001101110101000010010110110010101000111110100100000001110101011010100111110000110100001100010001100101
01101101110000000010100101101010110110010011101101101110110100010111000110010000011100100000010000011010110000111001111101101111
10101101110001100001000111100111000010111110000101011101001001010111010010010010011100101000010110001101011001101011111101110000
11111111001110110100101101010011111001001001010011010101000111001100100001100011010110100010011110101110100111010001000011110100
01011100000101100010011000110100011001011011100101011110110110011010000010010110100101110110101101001100010101100000001110000110
11011101100010101110001110011111010000100110111101100101011010010011101101110100011011010111100111110001001001001011001100101100
00010111100110000010101111001111111100000001001001101111111010000111100111110110010011001000001000001100100100000010010011100101
00000000100000100111000010111101000111110101111000111101111001111100000010111101001011010001001111000110001010010011001101010001
10110111011001010110110001110001001001011110111010100101111010110001101000111111110111110010010010001011000100100001111000111000
01101011101000111011011001100001010111001100101011100010010111111111010001010110101111010101110001101110000000011111010011000111
10010100110111000101100000100001001111010100001011101011010001000011101100001000000110010111110111001100111011000110001100011110
01101011110010001101001100000001101111101000101010001101011111000101000000111110101111010110010110010100001111011111011011100100
00110011111101111100001101101010101101100001010101101111011100010110011100110000000001101001000100010011111110010100001100110100
01110000001110010110101111101001101001111000011100111011010010111001000011000101011100010100100010000010110010101010000110100110
11001110110000100000000010000011010111111101110111110010001001011011000001110001001001001110001101011000101110011010110110011100
01101010011010111101010100111101010001100011011100001111001000110001110100010100001110001100111010100101100111011110100110000000
00011100111001110110001101001111110001000000101000010010101111100101101001111010111100000000110010011100110111000100011100001111
01010111000111100101111000111010011011110110011110111111100101010111000011011101100001010111110001000110000101010000101100011010
11100001000101010111100000001111101010100101001000101101100001001010001101101100011111010100100011001011010001101111100011110100
10000101101011010111110110001001110010011110101001110101100100010111011101000011100100011110101010011111011111000101101110011011
11100101110101110010100001101001011000101110111111110001101101000101000010010101101111001010100000110101101100110101001100011111
00000100101101101111000010100011000100101000000101101101011110101110110010001011111111001101011011100111110101010100000000011000
01010011011000001000111011001101100001111101100000110010111001011111001110000010011110100001000100001100011001111111110001000011
10111001100110100100010000101010001111011101000000100110110111100110000010000111010111101001110101010001110100100110100000010110
00011101010100000010111100011101100101101000111100010101010010101011010001101011100110011101011000110010100000001101100010011011
00000110101001111010010010100001111010101001110100111001100000011110000000010110000010100001100011101111010100111001101101110100
00001111101001000111101001000110101100011101000010111011100110011100101011110010000111101010100001010010111101011011011000001000
11111010110110111010101110001101100101101100001000010010101111111011001000011001111011111010011000010001011000001001101010110101
00011000111011110010010000100100111100100110110011011110111101000100100111101010110010000101110000001100110000101000111101101000
00010011001101100001110111001100100001000101001110110100000100111110101101010010000110101100110111011100100100010010000001110001
10111110000011011010011001011011011101110001100111001010111111000010001100000101110000111010110101011001011000110101011000101010
11110010100100010010110010000111101001100111111010100011011100011100010001001111010001101000011000111100010111111001101001000000
01000100000110000010100101001001000001011100111010111111111011101010101010100111110000101111100110111100011011111101100001000111
11111101000101101100011011111010100101100010111101101000110000101000000110101101100101100110000010000011100010010011111010010010
11010001110001011000110000001000110111011101111001011111110100110110111011010101001101011111111101001100110110011110000101101001
00100001110101110011001010000110011110111110100011010111100000001110110010011111010101110101101001110000111010101011011100101100
01011100010110000000110101001101011011101011110010010000011101111001100100110111001101101100011001011001111101011000110011101100
01110000111111010111001011011000010001000100000100000000010000011110000001011111101110110011110011101010110011010110010000100011
01111110110010000111100111010101101001111010111001101101010001110100101100000010011001101111000110101110000001111011010001110101
10110100011011011000111110001011001000110100101000111101110010001100010011111110000100111011001110011101011111110100101111011110
00101110011011001100101110010011001010101011111101000011000000010101011000000100110110101111111110011000011011111011011110100100
00001011110000101101101000101001101000111011100000011011011101011110001001010100010001000110111100101111110111101111011100110111
11000101001000011101111001000010001011000111100000101010110111101001010110101111010010110001100010000001111101011000100001110110
10011100011001110000000111011001111000100011011100110110100000010000111101111110110111000011110001110111110110110010010011001000
00111011000101000000100000011011011010110110101100000001000011011010011011100000101011111011000111100101001111101001011111100001
01111110000101111101001111111101011000100111101110101001111010001011010000001011010101001100011101101101001100100001000110101011
11110110110011010111100011111101101010101011100001010000011110010100010001000001100000010000101111100000110111010101110111100011
00110101001000010111001101101101110010111011000110111101010110010110001000010110110000101110111111101100011111011111100111010010
01101001010000010110101010000001110010010101010111111100001001010001011100100001000010111010011101111111010111101110001100000001
00000111111001100111110110111110110001010100101101010011100010110111010000101101011101110110000110100100101010100111100111011101
10111110010000010010101001110011000010011101010110101111101000000101111001011111000001111001011010000110001110011111001101000010
01101001010001000101111011011100100100100000010100011010001111101001011100110010101101010110111010101101100110111010110000000010
11010011010011101001110101001100000100110000101001010101001011100110011011001100110101010111001101000110001001000011100000001011
00011011010010101110001010011110000010110101000101111001111011001100001011011001011010111000110011011000100001111111111110001100
01010101011010001011010000100100101111000000110011100100010000110111101110011111101100000100101111111001110000010000010011000111
11111010010000000111110010111011100000000001001010001001000011011000010110010111010010111110011101000110100010101011001100110011
00000100001011001000100101110010100011011001110100010000101011000011110100000011110100110100000001000011000011000110011000100011
00110100000110001010001111011100100101000101110010111100000001101001110010111001101100001110001000110011001110011101100000001111
01101011110100010111000110100001000100111010011001110101110001101000011110011100110111110010010001100011100001011010101010101101
01111000010000000110010001011010000011011100101001010000100111111010100011100010101110010010001100110111101111111000010101101011
10101001011001001011001011101110001110010110101001111100100111011101101110000111010010110110001010110010100010101010101111101100
11011001110110100000000100010111000100001100111010111010011111000010010011110110000000001000110111101011110101111001110110111000
11100100000010000101010011101110101011101001000111001101111000111111101000110101111011110011010000001101000001100101111100011101
00101111010111011001110001100111010000011010011010110010011001100010011010010001101000011101011101010011100110101011100100100100
10010011011000100001100110100111111011110101100000001010011101001010011110100111001000001111111111100101101010111110010010111100
01011000111011110111101001101001001101110000011111100110101110010100100011111010011011111100010110111011101001100111001010101111
01001111110111001000011100001111001011011011001101011101110111100101010001100100010110101111110101110100000011111100001101101101
10100100100111110010010001000000000010110101011100010011011100111101111001000110111011011011110111101100111000011000111000101110
00101111110101100001110110001110001010110000010101100000001000010100010001101011110110100010111101101111010000011100110001011101
10110011100011011011001001001000110110011110011010110010010000010000101000101100011010000111011010100101001101110101000010000100
01110111011010000010100001100100011110001010010010010011111011010111101000100011111111110000100100011001011011101100100001000001
01011001111110101111001000000101111010001110111110101101000000000000110011001110010010011110100000001100111101001111010111100001
01111000010000111001001010001011010110010111000001001101001000101100111101010011110110001110101010011010100100100000000000000010
00000101111101011111001011001011011001110110101000110110011111110111010111100110100100000000100111000000100111111110000100001011
10100100100010011000111000100001111010110000000011010110000001111011100100111001110101101110011001011010000110100100111000110111
01101010111001110011101100101011000011110011100111101101001010100000001011110110111110100111001101000000100100011011010110101001
01111010100101010100110101101111111110111011001001101000001101110101111000010110111011000100000101110010111000010110010011111111
01001010111011010001100001111110011111000001001010100001111000000001011101100010100001110100001101101011101011111000011100010010
01100010111011111110010100100011111010001100001100000001001101010111100100111110001110110100100111001100101001010010100001000010
11100101010110110010001100100001011011011001110011110110111000101000001001010010111000100011110110001011010000101100011001011111
11001011100000100110111110100000100110010111001001101000111000101011111110010111001100100001011000011100001001010100011111011001
00011101110111110110010000001111100000010100000100111010000101100101001111010010010110011001111101100001011011001101001001101011
10111111001110111101011010001101011111101110011010000011111011111001000100001011111101111000011110101000011100011001111110110111
10011011000011100000001111011101100110010010000100101010101011100011011010010001101001110100110110000000101001100011001100110101
01011010000011011011011100101011011001011101000110001001010011101101100010000100101011001101000001110010001100000100001100000010
00000111110110101110000111001010111101011110110101000101001000011010001010100101110111001011011010000101100111011110000011100000
01101011011011110101110010110101111110101001001100101111110101010101110011011001111111110100111111011010101100011110011001100101
11110010001101000010111110010100001010001000101111110100011011011000010000111000010111000110011111111100010010000001000101111110
01000010000101111011010111011011111001000111101101110100110001011100111111111000010001111101111011010100101011001111000110010111
11010011110111001000111111110100111010110010111001001000001110000000011110001110111111101101110111001100011000110101010001100100
01010001010100000111011101001011111110110111001101010001000010110010110100110010100100010101111000010001001001110000011000000101
01110010101001000111111000001111010000101111101100110010100101110100100001100011001000010111001100101111011100000110010101010011
11011101100011100011101100001100010100100110111100000011110000010101010001010011001111110111111000101000110011110010010100010011
00000010110000110111010000011101001010111010010001100000001011111111111101010010010010111111100001011110000110001001010110110000
10010110100110011010101110000000000101011100011100010101011110010000100101110011101111110000101010010111001000010111000110101100
01000001110100110101000000010110100110011100111010101101010110111010001001010011011111000110100111111110100001101001110101111101
00101001000101011100111010101010110100010010000101100010110000101011000110111000001010011011001111101010011110110001111100011001
01010111110011001011110010111101110001000010010000101001011011000100101000000111011101001010010001011000000011110111110100011111
01000111101111010010010110111011111000101111010100110100011100011011000001011000100010100101110101011011100111001101000100011111
01111100101010011110000011111010010100101111011010010111011000101011001111011101010110110110111100111010000100100000001010011111
11110111011010010011100000010101111000101111111010001111011111000001011110111110110111111000101101010010100111110110000010001110
00100011011111010000011000001100110101001011001010110011100100101001010100110010001000100110011011010110001001010111001001001011
00001100011101111010111000110111100110110000011101010001011110110011100000010010000100110010000000001010010000000000110010000001
00111010010101000010110110010100110110101110111101001001110000001011110111000100111000011011111111111010111001000001111011101001
10111101000101110011011000101001011000110000001110010000111001010100010110111100001011010000011010000011110001000000100110110011
01111000000010001101111111011101111011010001110001100001110001101011111011100111110101011100010111110101001010111000011011010001
11110101001101010000111101110110010111010011010010001110000011011001011100000100011011000100100100000101010111101111100110010001
00011110001100011110101100100001011110010110011101100101000000011000111000001011101110010101110101000100100110110011101111000000
00001010000111111011110000010111100111110111101010010111111001110011101001110111011011001010100000011100011100111100110001110111
10111010000111111101101100011000000100100011010000110100101001111011101010101101111111000000101111101101111011001111000001101100
10110011111010011001111010111000011010001110010111111011001001001101111100001100010110010101000001110010001100100010001110000010
00101100000110011011001110100010101101101101000100010101101000001000010101011010100000110010111110110110101100010101101101111001
01111001111011101010000011000101010010101100001000100001001000100111011110000001101101001101101100111110111100001000111111110001
00111101011101000110111111110101000011110000110110011010101010001111000111000110001000101100011110001001000111101001101110100101
01100111000111110010000111010010010011010111010111011110111011001010011010011101101001000101010010111011010110101000011011011110
11011001000000000101011110110110110010100110101110000110000010000011011011010000010011011000000101100111001110101111011001110110
00110001100101110001001111010000001001010001011101011000110101010010000000010101100010011001111000111000101001001011001001001010
01010000011010010100001111001100110111100111101101110110010101010011010001011000010101111000100111101011010001001010011110100010
00000000001111011100101111101001010010100101111011110000010000111111101010110000111111111100111000010101001101100111000011010100
01110001101001110000001001110011000100001001001011010011101000001000000100000100110110011001111010100000111110010101110000100111
00000010100011001101100110010100010101001101010101001100111011101010011101000111100111110010110101001101110011110001110101111111
00011110100100000010011010000111110101100101110010011010010011010000000111010111001001100111100001110101001101000111001111000011
01010111100000101110111011011101011010000101101101101110001011100101010101010110010000110111101110111111101100110000101111101110
10010100011010000111011110001010100000100110110000110111100110001001110111110000001001011010000010010110101111010111101110100000
00100100001001101110010010110100110010011000111110010111010000011011100100111101111101111101110111110111000111111001000110101101
11000110001100001111110011101010100100101100111000111101101000011100010000110010100110001101001111010110100110001110100100100101
00011100001001111100110111001111010010110100010110001011010111011100010010001111101000110001111011000011111101111110101010010100
01110011111011100000001111011000001111011000110101011101110011000101000101010111011010011000011010101010101010011111110111100010
00101000001101010111010010000001111111100010011100010000000110000111110001100000101110001010111000000000100111100101100001011100
00100001111100111000100011100110101000010100001010011100011011111110111011101100001001100011010000111001110111101111001101001101
11010111001001100010101000011010010011110101010100101101000000001000000110001001101100101011010111010011011111000100100111111100
11100101000101011000110110110001010010001000101010010011000001111000011100111000101111100010101011100000101011001010010010101010
10001000101111101001111100110111101100011011001011011101111000111111100111111010001100011010010111010110110001111101001001100011
11110111111010111100010000101110010011011011110000101000010010000110100110110001110010000101001101111000000001100011101000010100
10010111000100100011010100100101000011010010011011011100000000001000101000100101100001000111011001100010011011100011010111111010
11010100001111000000000011111011110000111001010010100011110000010000110111010111000011111001000110101011101100011111111001100000
10011011001110010101110100011001001110100101011101110010110000101010110101011000001100101011010110001011110010110001001000110010
11010010111101100011000101011101000100100110110111110110001101110111110001101011010110010111111011000101110010110111111000000011
00111100011010111111111110101000101100000011001111011010000001010011010010100001000010011000000000010101101011100000111110100111
00100100100001101111001111001011101100001010010110011011101001100010001011110100011001000011010011111100100111111110001010111101
11100111010001001101000000001000111000010111111011000001011010011010010101110101101111011000010001110110011100010110111110111000
01000001111101001011101110110101011011111010011110101100000110110011000110111000110000110101000010010001111010011011011010110011
11010011000101001111011010101010000100100101010100100011010101011001100010000000010101000011110101001011010000100100000011100011
01111010110010110000101001000100011010101101011010100011110001101011100011001010111000001011010001111000111101100100000110100101
01101110101110111101110011011100101011111011001001001011110111000111011011110011111001000001101000111001100010001111111111111011
10001110010011110111011101111001101111110011110101000000100001001100111101010011001001110011100011001000110100001001111100111101
10001110111101010110101111101000111000101011111110001110101001111011010100001100110100001101101010101110010110001110101011010011
10101110011110110001010000111000010001010001111011101010101110000000011101100000011001001011100011110101011010001101110010100111
10010001001111000001100101111100101011101001011110110111111000101010101011010111100011110101001100011000111110000001010111111010
10001100010111001010000010101011001110110110110010000101000101001010111000110011010010011010010010101111000101111111101001001010
11101110111010010110000111010011001101010100000111010000111111110010101111011100110111110111111001100111000011011000111011101000
10010100101010101010010110000111101000101010011111100111110110100010110100001010000011111001100101110110011111000100100011001111
10010111101010111100010001011100011000100100010111110000110100101001101011011101100111110111001000101010010100110010010001100111
10011010000111101000101000011001011101011100001001010110100100001001100000000000001000110000101100100100000101111010011100111011
01001001100000111100011010001000011100011111111000100110110101000100100011111010011010001010110101011000011000101101011011001101
01111000100101000100100100110101100011010000001011110111000000100110001101010110101010010110111110010111011110000101001010010011
10100110001010011001000011000010000110101111001010011001110001010110110101000000000001111111011001001001001100110001010101011010
00010010010001111010011010010111010111000111110110110101110011000110101001111001010101101110001101111010110011011101110100010001
01110100111101010100001000001001111110101010000100111011011011101110110111011100000111010111100011011011000010011000111111100011
01111010100010001100011101000100011111100101110111100001001100010010110111001010010101111100001010111110111011111101001100011100
01111110011110010010000010011101011100000011011000011100111000011010000000001011100111100111101001001010011001010101110101000101
00101001001001100110010001100000101110100011011001011010001110111111100100011100101100000000111010010111010101010011011100001010
00100000011010100111111100110011000010011000011100110001101000001011000001111111001100100001101010110010100001101011100110110111
11001100101010010011111010100100001110000100100001100100010101111011110110111010100000001110100100001001110000001111100110100011
10110011110111001000011001001010100000001101000100111110010110010111010001100000110111101111101111000101111001011010110010011010
00010111001110101010011000110000001001101010101101010001101010100000101101101101111010111010110000111001100111100011000000110100
01001011111111001110011011001000011110110101011101110111000101011100011010110011100100010111001100110011011111100101110001110010
00110111000010011100101001000001010000110110100100101101001001110011100110000010001110011100001100111010011110001100110110001010
00001011000000111001001011111101111001110001100111110100110011100100100010000001001011011000111011111110110011111000000001101111
00100000000100110001001001001011101010001001011010000001110010101010101100011010001011001100100010100010011010001001001010110001
00110111111011000100000101000000000100000111110010101101111111111011001001000001100111010011011101100101011011111111100111010101
11001001010110111011010100111111111110000101000101011111000010101110001011000001001001001101110100000111100101101101111111000000
10001001011101110100100110001010010001010011001001110000011100101001000111111110010010001110110110101011000101101111011111011010
01010111110110100011110101011111010100100011001111101100001010000011000000010101100101011010001011111011101011000001100010001010
10000000111100000010110000111000001001010101100110011101010011111110111100101101100111111010110001000011110010001010001110011110
01100001110111111111100010000111010111001010010111100101001011110111100001011111111111000111010010110000011011100011000001111000
00000111100010000101001001001011010101010101110100100001100100111001101001101011110010010001100110101100110000110100001010110001
